128 129 130 26 -1
129 1 34 28 -1
130 131 134 138 150 -1
131 2 132 133 28 -1
131 0 -1
132 34 20 33 -1
133 27 132 133 -1
133 0 -1
134 3 135 136 -1
134 0 -1
135 34 147 29 137 28 -1
147 27 34 147 -1
147 0 -1
136 135 136 -1
136 0 -1
137 4 -1
137 5 -1
138 139 130 28 140 -1
138 0 -1
139 6 34 158 28 -1
158 31 34 29 137 32 -1
158 0 -1
140 139 130 28 140 -1
140 0 -1
141 142 -1
141 144 -1
141 145 -1
141 146 -1
141 148 -1
141 150 -1
141 0 -1
142 34 143 -1
143 30 153 -1
143 31 153 32 -1
143 0 -1
144 7 152 8 141 -1
145 9 152 10 141 -1
146 11 31 34 147 32 -1
148 12 31 153 149 32 -1
149 27 153 149 -1
149 0 -1
150 13 141 151 14 -1
151 28 141 151 -1
151 0 -1
152 153 161 153 -1
152 15 153 -1
153 16 155 154 -1
153 17 155 154 -1
153 155 154 -1
154 159 155 154 -1
154 0 -1
155 157 156 -1 
156 160 157 156 -1
156 0 -1
157 34 -1
157 33 -1
157 31 153 32 -1
159 16 -1
159 17 -1
160 18 -1
160 19 -1
161 20 -1
161 21 -1
161 22 -1
161 23 -1
161 24 -1
161 25 -1
